50 4
-2 -9 7 15 -1 -9 -2 -8 -9 3 -5 -3 -5 -3 6 3 -1 -1 9 -9 -6 -3 3 -8 15 -1 5 9 -6 23 -4 -9 9 -9 23 -4 -9 -9 -8 15 3 7 -9 -3 -1 27 -6 7 -3 -5 6 
23 -9 3 9 -4 -1 -9 -3 -5 -9 -3 -9 -9 -7 -9 -5 -9 -7 5 5 0 -9 23 -1 3 -9 15 -9 1 -9 19 0 -9 -9 -3 -9 -8 18 3 -5 18 15 -9 5 0 0 -7 -9 3 15 -9 
-9 15 0 23 27 -1 -9 0 12 3 -9 15 -9 -6 23 19 -5 -3 18 -9 -6 -9 -8 -1 1 9 3 -9 -1 15 -1 -7 0 3 9 -9 -9 18 -1 0 -9 1 1 9 5 -5 7 0 0 -3 -9 
27 -7 -9 0 3 15 9 19 0 6 3 -4 -3 -9 -5 -8 -6 6 -9 7 1 9 -1 -7 -5 -7 -5 -9 9 27 9 3 -9 -9 -6 -1 15 1 -6 1 -1 7 7 9 -9 5 12 -9 15 1 -9 
12 9 1 3 -3 -8 -3 -9 -9 -5 3 -9 -9 3 -9 -9 -9 -2 -9 -9 -9 11 -5 -3 -3 0 -5 3 -1 -9 -9 -9 -9 -2 15 27 3 -9 -1 -9 23 -9 -5 9 -7 -9 -9 3 -9 -8 -2 
-9 -9 0 -9 9 -9 15 -9 -9 18 -9 -1 7 12 -9 -9 3 -9 -5 -9 -9 6 -3 -2 -2 -7 -5 -7 -5 3 -9 18 11 -1 -4 -3 7 -1 9 -3 -3 -4 7 -9 -3 -5 -4 11 -9 -5 -9 
-9 -5 3 -1 -6 -4 7 -9 -6 -9 -5 -2 23 -3 -6 -9 -9 -9 -5 1 -5 -9 -9 9 -9 3 -9 23 -9 1 -5 18 -9 5 15 -2 -7 -9 3 -2 -9 -3 -5 9 -9 -1 -9 -9 5 3 -6 
-6 -9 -9 -1 3 -5 -3 -9 -9 -3 12 23 -5 6 -9 -1 -1 11 7 -9 -9 -9 -6 -5 5 -9 -6 12 -9 -9 0 7 12 3 -5 -3 -9 -1 23 -9 3 -9 12 -6 -9 -9 18 23 18 3 11 
9 -4 -9 15 11 -1 -9 3 -3 -3 18 11 -7 -9 -9 -8 7 -7 -1 1 -9 -9 -9 3 -9 -1 0 -7 -3 3 3 9 3 -3 23 -9 15 -9 -5 9 18 -7 23 -3 -9 -3 0 18 18 -6 -9 
-1 -9 18 7 -9 -5 -6 3 -9 9 -9 -5 1 -9 -9 7 -1 -9 7 -9 -8 -9 -9 15 -5 0 15 -9 0 3 -9 -4 -5 12 6 6 0 -9 3 -9 0 7 7 -4 -3 -3 -2 -5 -9 -7 -5 
11 -3 -5 -9 -6 -1 -3 5 -7 -9 27 15 -9 -7 11 15 -7 -5 23 -1 -9 27 0 9 23 -3 -3 -3 -7 1 7 5 -9 -9 18 7 -9 -9 5 -2 12 -6 -9 11 18 -9 -9 1 -9 -5 9 
15 18 0 -9 -4 -9 -9 -9 -5 -5 27 -9 -9 -9 3 7 9 7 0 -9 -1 -3 -9 15 -4 -3 -1 -3 -7 -9 27 -6 0 11 -9 -9 -9 15 3 -9 -9 -5 7 -6 9 -9 27 -9 -7 -9 7 
1 -9 -7 5 9 -9 -9 3 -7 9 -3 5 6 0 7 15 23 -9 -9 -5 -5 -5 -7 -3 -3 15 -3 9 -9 3 -9 15 9 3 7 -6 -6 12 -8 -5 12 6 6 12 0 -9 -6 -9 -1 -5 -9 
0 -1 -9 -7 5 -9 -5 -9 -3 11 19 -9 7 -2 -9 -1 -9 9 -9 7 -5 0 1 -6 -9 23 -6 9 7 11 -9 -3 -9 -9 -3 -9 -4 -9 -5 7 9 7 -3 -5 -9 19 18 -9 -9 7 -6 
3 -9 -9 9 -9 -5 -9 11 15 -3 -7 -9 -9 -9 -9 -7 -9 18 -2 0 -9 -3 -9 18 18 27 -1 -9 7 -3 -9 -5 -7 -5 -9 0 -7 -7 3 3 -9 27 -9 -3 -1 -9 -9 -7 3 6 -4 
-3 15 23 -9 9 -4 9 18 11 15 -3 7 6 -6 7 -3 15 5 15 -5 -1 -6 -4 19 -9 -8 3 1 3 -9 -9 -6 15 -9 -2 -9 -9 -9 6 -1 -5 -2 -5 -9 -2 -9 -1 -2 9 0 -1 
-3 -9 -9 12 0 -8 1 3 -7 -8 -4 -1 6 -5 23 3 1 15 -3 -9 -1 -9 0 -9 -6 -4 3 -9 -2 -9 6 9 -7 -8 -9 -4 -5 -9 -9 0 -1 9 -3 -2 -9 23 7 23 1 -5 9 
12 -9 11 0 -9 -6 -9 -9 -2 -1 -2 -9 -5 -7 0 -9 -5 3 -3 -9 5 15 -9 -7 3 -7 12 -7 1 3 11 -9 -5 3 -6 -9 -9 -6 -6 0 -9 -6 3 3 -4 -9 -9 -9 -9 -1 15 
-5 -9 -9 -9 -9 -5 -9 -9 0 -9 3 -9 -9 -9 -9 -1 -1 -9 -9 3 -9 -3 -7 7 15 -1 -9 -9 11 -9 27 -9 -8 -3 18 -5 0 -9 3 18 -1 -9 -9 19 -3 -9 -9 -9 -4 -9 18 
-9 15 1 3 15 -9 -9 1 -4 5 7 -2 6 7 3 -3 3 -6 -9 -2 -5 -6 -6 -4 -4 -9 -7 -7 -9 15 -1 3 5 -9 -9 7 3 -9 -5 -9 3 -9 1 -9 -9 0 -9 -9 23 -1 -9 
6 -5 -3 11 9 -7 27 3 3 -9 7 19 -7 -4 -9 -3 -9 -9 7 -9 -8 0 -9 -7 19 -9 0 -6 6 0 -9 15 18 -9 9 7 -6 23 -6 3 18 5 -7 3 -2 -9 -9 1 -9 -5 -9 
-9 -3 -9 -9 -6 -9 -9 -1 12 5 3 -6 -6 -9 12 -4 -7 11 -8 -9 -6 6 -9 -7 0 -9 -9 23 -9 0 -9 -9 -7 -9 -6 12 7 -1 -9 7 1 -9 -7 27 15 5 -2 11 -9 -9 -4 
3 -3 9 27 -1 -9 7 23 -9 -3 -9 -7 23 0 9 0 7 3 -9 -9 -7 -9 -3 -9 -9 18 -9 -3 -5 -9 -3 -3 12 -5 12 11 -1 -5 -9 -6 -1 -9 19 -9 -9 -9 -3 3 -9 -3 -9 
-3 -6 -9 5 -6 -9 -9 -6 0 -9 -4 -9 19 -9 -6 -9 -7 9 27 -9 -9 6 -9 -1 -9 6 -5 -3 -8 -1 -9 -4 -7 -9 0 -9 -8 27 15 -3 0 -3 -9 23 7 23 19 -5 11 18 0 
0 -5 -5 -9 -6 15 15 3 5 18 -9 -9 -3 27 11 -1 23 27 -9 3 -9 3 -7 -9 -4 -3 0 -3 -9 -9 -9 -3 -5 11 -5 -9 0 0 -9 -9 -6 -9 -3 -5 -9 -5 -9 -9 -8 -9 -9 
-9 -3 7 -9 -5 19 -6 -4 23 11 27 -9 -9 -3 -9 -5 0 1 -5 -3 15 18 -6 -6 1 -5 -9 -5 6 15 5 3 27 -1 15 9 -7 -5 6 9 -4 -9 9 -9 -6 23 7 7 3 -9 -9 
7 23 6 -9 6 1 5 -1 -9 -5 -4 -9 7 -1 -5 3 27 12 15 -7 -9 23 -9 15 -3 3 9 -9 -1 -6 -3 -7 15 0 15 -6 -5 -9 -9 -9 15 -3 -6 11 -8 -7 -5 -9 19 -1 -8 
23 -9 -3 -9 -3 3 0 -8 -9 -7 3 19 -7 -3 -9 5 11 -9 9 7 -9 -5 -1 18 15 3 -9 15 -3 -9 -9 15 9 5 -9 -3 15 -9 -5 12 -1 -9 12 15 -5 -3 -9 -9 -3 -5 -2 
-9 -7 7 -6 11 -9 -9 0 12 -5 -9 7 -6 15 15 -9 3 15 -7 -6 -7 -3 -8 -9 18 -9 19 -1 -9 -2 0 3 -6 15 12 -9 -9 -2 -9 -7 1 23 -2 -9 -2 -9 -9 -9 -9 -9 9 
27 -5 -9 18 19 27 15 -9 15 -9 0 -1 -9 3 0 -1 -5 -1 -6 -9 -5 -9 -5 -1 19 7 3 -9 -6 19 -1 6 0 0 -8 -9 -1 5 -4 -5 5 -9 -9 23 15 -9 9 -9 -5 19 -1 
-9 -6 3 6 -7 0 15 -5 11 -3 -9 5 -9 -9 -9 -5 -9 -4 -3 5 -5 -5 -9 -6 -9 -9 -9 -9 -9 -9 -9 23 11 -7 -5 -2 19 9 -9 -7 18 -1 -4 -9 -3 -6 0 -9 -9 3 18 
3 18 15 19 -5 -9 -3 0 15 -9 15 -6 -9 -9 9 -9 18 -9 -9 6 -9 -9 3 6 -6 3 -9 -7 -4 -9 5 15 6 -6 -7 7 -3 -9 23 -3 -6 12 7 3 -9 -1 5 -9 0 -9 -9 
9 -3 -9 -4 6 -4 15 -6 -9 -9 -3 12 0 -5 -6 -7 -9 12 -9 12 3 -7 -9 -3 -9 27 -9 3 5 -9 -4 -9 -9 -7 12 -3 0 -5 -9 15 -9 7 0 -2 -3 -5 -6 -4 15 12 0 
-3 3 12 -7 9 19 -1 -1 15 -3 -9 23 -9 7 27 7 -9 -7 -1 -6 -9 -3 3 3 23 5 23 7 -3 0 12 7 3 -9 -3 -9 -9 3 7 3 23 -9 -6 -3 18 6 -9 -8 -6 12 -5 
-3 9 0 -4 -6 -9 3 -3 -9 -9 3 -4 18 -9 -9 7 -2 1 3 15 -5 23 -9 -9 15 -9 9 3 -3 -9 -9 -2 -8 -9 3 -1 -4 9 7 -3 7 -6 -1 7 19 -9 -9 3 19 -2 -9 
-5 27 15 -4 -9 -9 -9 9 -9 6 12 -9 -9 -9 27 6 -9 -9 5 7 1 -1 -3 -3 0 -3 -9 12 -9 15 -7 -1 -5 3 -7 -9 -9 -9 6 5 7 0 9 7 -9 -1 -1 -1 -9 -3 -9 
-3 -5 -9 3 -2 -9 9 -9 -9 -1 -9 -9 -3 6 5 -2 0 -9 7 11 15 -1 11 -8 7 12 3 -5 -9 11 -6 -5 -2 -6 -5 19 -9 -9 -9 9 23 -4 -9 -9 19 9 -9 3 -9 -9 9 
-9 -9 9 3 7 7 -9 -9 9 -9 5 15 -5 15 -9 -9 0 -7 -5 3 19 -9 -1 -9 -9 -8 9 -9 9 18 -1 5 -9 -5 9 -8 -5 23 0 -1 -3 -9 1 -8 3 -7 -3 -9 18 3 -5 
-6 23 -1 -5 3 7 11 -7 -2 1 -1 -9 -9 -1 -5 3 23 -7 3 -2 -6 -9 -9 3 -5 -8 -9 15 -2 -9 -8 -9 0 -9 -6 7 -9 3 -9 9 -4 -3 -3 3 -9 -9 -9 -4 0 3 -9 
-7 -9 -9 -9 -8 -9 7 -9 -3 -9 -5 -3 6 -9 -9 -6 3 6 -9 -9 -9 -9 -9 9 3 9 18 -9 1 -8 0 12 15 -7 7 -8 7 1 5 3 -9 -4 -9 -9 -5 7 -9 -9 -3 3 -6 
1 -9 23 27 -6 5 9 -7 -3 19 27 -9 -5 1 6 0 7 27 0 12 15 11 -5 -1 23 -4 -5 23 12 3 -9 1 -6 12 15 -9 -9 -1 23 -9 3 -4 -8 -9 -9 12 -9 -2 7 -9 0 
-9 -3 -3 7 -1 1 -7 -5 -1 12 -9 3 -3 -9 -9 -3 -1 -7 -3 -1 -9 -9 -9 -9 -9 -6 -3 3 -9 -3 18 -3 -5 -6 6 -3 18 6 3 11 5 -9 1 3 -9 3 -4 1 11 6 -9 
-3 6 -7 -9 -1 15 1 15 -3 -3 -7 1 -1 -1 -9 -9 -9 -6 -9 -2 6 0 -9 -3 -3 -2 -9 -9 -3 7 -5 -9 -9 -9 -1 7 -4 -9 27 15 -7 -9 27 6 -3 -9 -3 15 -9 0 -6 
0 -7 15 -9 18 -9 15 9 -3 -6 -3 -6 -1 5 0 -4 -9 -9 11 -6 -3 27 -6 -9 -5 -7 9 15 -9 -3 -9 19 0 -9 27 6 -6 18 -8 3 -9 15 -5 -9 -2 -9 0 6 -3 -6 -9 
-9 6 7 12 -9 9 -3 -5 -9 3 -1 3 7 -9 -9 12 -7 -9 15 -9 -5 -2 9 -9 -9 -9 -2 -5 -9 15 27 15 -9 -1 -5 -1 18 19 3 -2 3 7 -9 0 9 -3 -2 -9 -1 -1 6 
-3 3 27 -1 9 -3 -5 -9 -9 11 -1 3 27 -7 0 -3 -9 -9 -9 7 -9 -9 18 5 15 -1 -2 -6 -9 3 27 -5 9 27 23 15 3 7 0 7 12 -9 -5 -5 3 1 -5 9 -4 -9 -7 
-1 -9 -5 -9 -6 -9 -1 3 19 -3 3 1 -7 27 -9 -1 -9 0 0 -3 -5 9 -2 -9 27 18 -9 -1 -9 3 -9 -9 -9 -9 -7 3 1 -6 -9 7 -9 18 7 -1 15 -9 7 9 23 7 -6 
-9 -3 3 -9 12 -3 -9 -9 -3 -1 9 23 -9 -9 -1 9 -9 -4 -9 -9 -9 -1 5 -9 0 -9 7 15 -9 -9 -5 -9 -5 3 9 0 -9 -9 27 -1 -9 -3 12 -9 -9 -7 -5 -1 -9 6 5 
-8 27 -4 23 7 -9 9 -9 -3 -7 15 23 18 -9 -9 -9 3 -9 -3 6 -9 -9 0 11 -2 -7 0 -6 15 6 15 -8 7 18 0 3 -9 -9 15 -3 -9 -1 -9 -1 -9 23 -9 -9 15 15 -9 
27 -2 -9 15 -5 -2 -9 -9 15 -9 3 12 -9 -9 -9 23 9 -9 -7 -2 -6 0 -5 5 -9 -5 19 -9 -6 0 27 -9 6 -8 3 11 11 -9 12 -5 3 -9 -9 -9 -4 -9 15 23 -2 7 -9 
