Hebra en CUDA: 0
CUDA Funcionando!
Corriendo variables con 500 bits de largo

Dimensiones del problema: 20
-6 9 -2 5 8 2 -7 -6 -8 2 -4 -3 -3 3 -4 7 3 1 -8 -7  | 6 
3 -2 -8 -2 4 8 -8 6 -7 4 0 -1 -4 -2 -9 8 -6 2 5 4  | -5 
1 0 -6 0 8 7 -9 0 2 9 -8 -8 2 6 -7 4 8 9 -5 5  | 8 
9 -6 1 6 3 8 -9 1 8 -3 -6 3 8 6 8 7 5 -7 -2 2  | -5 
-6 -6 -2 -5 -5 3 6 -3 -7 9 -1 2 -3 2 6 2 -2 3 -6 9  | 9 
3 3 -2 -9 -5 -4 8 -8 6 -9 6 -3 3 -4 -8 -1 0 -6 7 2  | 1 
-9 4 -6 -3 0 1 3 -2 -8 1 -5 -9 5 4 1 4 4 0 2 8  | -5 
2 6 -3 -9 9 4 6 7 -6 -2 -3 0 -7 -3 4 8 8 -7 -5 -2  | 4 
2 2 3 9 -2 -9 8 -4 -2 -9 -6 3 7 -6 6 -5 -1 -1 -6 -2  | -8 
2 -5 7 -4 -3 -5 -1 -6 -4 4 5 -7 7 2 0 -5 -4 -1 7 8  | 8 
2 -2 2 -4 8 -6 -6 -6 6 8 0 1 7 -6 -9 -3 -3 -3 -6 8  | 7 
-4 -9 3 -6 -3 0 -4 4 9 6 2 -2 8 7 7 8 3 -5 7 5  | 3 
0 1 8 8 0 -6 -1 0 -8 -7 9 1 3 -7 -4 3 -1 9 -5 5  | -9 
3 -7 6 7 -7 -1 -6 -8 -8 -3 -5 8 -2 -4 -7 5 -3 4 -9 -6  | -2 
0 -9 -1 -2 5 4 -2 8 3 -7 3 1 5 -9 3 3 2 1 -8 1  | -1 
7 6 -5 -4 -1 6 5 2 1 -6 6 1 1 5 3 7 9 1 -1 -2  | 7 
-5 9 1 -1 -9 7 -3 -1 -9 7 -1 -2 -9 7 2 -2 1 5 -3 -7  | 7 
-3 -5 5 -3 -3 -8 7 8 9 6 1 -8 8 1 -6 5 6 -9 1 0  | 7 
-7 6 6 -3 -6 -9 9 6 1 -3 -5 -6 8 6 5 -9 6 -2 -8 -3  | 4 
-2 -1 -1 6 -1 7 -8 -4 -3 1 -1 5 5 4 -6 -5 -4 -6 0 -1  | -2 
Generando Matrix de nivel 20
Pivote es -6
Condensacion a ciclo 1
-15 54 -3 -48 -54 69 -18 66 -30 12 15 33 3 66 -69 27 -15 -6 -3  | 12 
-9 38 -5 -56 -44 61 6 -4 -56 52 51 -9 -39 46 -31 -51 -55 38 -23  | -54 
-45 12 -81 -90 -66 117 48 24 0 72 9 -21 -63 -12 -105 -57 33 84 51  | -24 
90 0 60 78 -6 -78 -18 -6 -42 -18 -30 0 6 -60 30 30 -12 -12 -96  | -18 
-45 18 39 6 18 -27 66 -12 48 -24 27 -9 15 60 -15 -9 33 -18 9  | -24 
57 18 63 72 12 -81 -42 -24 12 -6 27 -57 3 -42 39 3 9 -84 -111  | 84 
-54 22 44 -70 -28 -22 -30 52 8 26 6 48 12 -16 -62 -54 40 46 26  | -36 
-30 -14 -64 -4 50 -34 36 28 50 44 -12 -36 30 -28 16 0 4 52 26  | 36 
12 -38 14 2 26 20 48 40 -28 -22 48 -36 -18 8 16 18 4 -26 -34  | -60 
-6 -8 14 -64 32 50 48 -20 -52 8 0 -36 30 62 4 12 16 52 -34  | -54 
90 -26 56 50 8 -4 -48 -86 -28 -28 0 -60 -30 -58 -20 -6 34 -74 -58  | 6 
-6 -48 -48 -0 36 6 0 48 42 -54 -6 -18 42 24 -18 6 -54 30 -30  | 54 
15 -30 -57 18 0 57 66 72 12 42 -39 21 15 54 -51 9 -27 78 57  | -6 
54 6 12 -30 -24 12 -48 -18 42 -18 -6 -30 54 -18 -18 -12 -6 48 -6  | 6 
-99 44 -11 -50 -50 19 30 50 22 -8 15 15 -51 10 -91 -75 -13 62 61  | -84 
-9 -16 31 94 -32 -17 -24 14 -32 -14 -3 39 -27 -32 47 9 -25 -22 7  | -12 
57 -36 33 42 54 -63 -66 -78 -30 -18 39 -57 3 24 -9 -27 57 -30 -21  | -24 
27 -50 53 92 68 -103 -78 -62 32 2 15 -69 -15 -58 103 -15 19 -8 -31  | 18 
24 2 -26 22 -38 34 12 2 -2 -2 -36 -36 -18 28 44 30 38 -16 -8  | 24 
Generando Matrix de nivel 19
Pivote es -15
Condensacion a ciclo 2
-84 48 408 174 -294 -252 654 570 -672 -630 432 612 -96 -156 1008 690 -624 318  | 918 
2250 1080 -810 -1440 1350 -1530 2610 -1350 -540 540 1800 1080 3150 -1530 2070 -1170 -1530 -900  | 900 
-4860 -630 3150 4950 -5040 1890 -5850 3330 -810 -900 -2970 -360 -5040 5760 -2880 1530 720 1710  | -810 
2160 -720 -2250 -2700 3510 -1800 3150 -2070 900 270 1620 -90 2070 -2880 1350 -1170 0 -270  | 900 
-3348 -774 1656 2898 -2718 1656 -3402 1530 -594 -1260 -1026 -216 -3132 3348 -1584 720 1602 1836  | -1944 
2586 -822 -1542 -2496 4056 -522 2784 -1740 258 720 1062 -18 3804 -2796 2268 -1410 -1014 -552  | 1188 
1830 870 -1380 -2370 2580 -1080 1560 -1650 -300 630 1530 -360 2400 -2310 810 -510 -960 -480  | -180 
-78 -174 546 258 -1128 -504 -1392 780 186 -900 144 234 -912 588 -594 120 462 546  | 756 
444 -228 672 -804 -336 -828 696 600 -48 90 738 -432 -534 -474 -18 -330 -816 492  | 882 
-4470 -570 3570 4740 -6150 2340 -4650 3120 -660 -1350 -2070 180 -5070 6510 -2340 840 1650 1140  | -1170 
1044 702 -288 -864 324 -108 -324 -810 882 180 468 -612 36 -144 72 720 -486 432  | -738 
-360 900 450 810 -1890 -720 -2070 270 -810 360 -810 -270 -1800 1800 -540 630 -1080 -810  | -90 
-3006 -18 3042 3276 -3906 1692 -3294 990 -378 -720 -1332 -972 -3294 3996 -1278 900 -396 252  | -738 
4686 -132 -4002 -4596 6546 -2232 5784 -3300 1308 1260 3042 1062 6384 -5466 3798 -1290 -1524 -1212  | 2448 
726 -492 -1842 -6 876 198 384 210 318 180 -288 432 1074 -1326 108 240 276 -132  | 288 
-2538 -324 2106 2268 -2988 2016 -2592 2160 -414 -1440 -1026 -216 -4122 4068 -1134 0 792 486  | -324 
-708 -714 -84 438 -318 1656 -852 330 -354 -630 144 144 -912 318 -504 120 282 546  | -594 
-1326 462 822 1866 -2166 252 -1614 750 -258 180 -252 198 -2004 996 -1098 -210 384 192  | -648 
Generando Matrix de nivel 18
Pivote es -84
Condensacion a ciclo 3
-198720 -849960 -270540 548100 695520 -1.69074e+06 -1.1691e+06 1.55736e+06 1.37214e+06 -1.1232e+06 -1.46772e+06 -48600 479520 -2.44188e+06 -1.45422e+06 1.53252e+06 -639900  | -2.1411e+06 
286200 1.71828e+06 429840 -1.00548e+06 -1.38348e+06 3.66984e+06 2.49048e+06 -3.19788e+06 -2.9862e+06 2.349e+06 3.00456e+06 -43200 -1.242e+06 5.1408e+06 3.22488e+06 -3.09312e+06 1.40184e+06  | 4.52952e+06 
-43200 -692280 -149040 340200 695520 -1.67724e+06 -1.05732e+06 1.37592e+06 1.33812e+06 -1.0692e+06 -1.31436e+06 33480 578880 -2.29068e+06 -1.39212e+06 1.34784e+06 -664200  | -2.05848e+06 
225720 1.22688e+06 339120 -756000 -982800 2.47536e+06 1.77984e+06 -2.19996e+06 -2.0034e+06 1.53252e+06 2.06712e+06 -58320 -803520 3.50784e+06 2.24964e+06 -2.22372e+06 910440  | 3.23676e+06 
-55080 -925560 -240300 419580 695520 -1.9251e+06 -1.32786e+06 1.71612e+06 1.5687e+06 -1.20636e+06 -1.58112e+06 -71280 638280 -2.7972e+06 -1.6659e+06 1.69884e+06 -775980  | -2.47374e+06 
-160920 -630720 -119340 321300 551880 -1.32786e+06 -904500 1.25496e+06 1.09998e+06 -919080 -1.08972e+06 -25920 479520 -1.91268e+06 -1.21986e+06 1.22256e+06 -541620  | -1.66482e+06 
18360 -14040 -8100 71820 22680 167940 -21060 -68040 26460 21600 28080 69120 -61560 128520 43740 -87480 -21060  | 8100 
-2160 -237600 -9720 158760 181440 -348840 -303480 302400 272160 -253800 -235440 87480 109080 -446040 -278640 345600 -182520  | -481680 
262440 1.52388e+06 379620 -797580 -1.323e+06 3.31398e+06 2.28582e+06 -2.9484e+06 -2.7027e+06 2.10492e+06 2.72052e+06 -3240 -1.24416e+06 4.70232e+06 3.01374e+06 -2.92788e+06 1.3257e+06  | 4.20174e+06 
-109080 -401760 -109080 279720 272160 -655560 -527040 627480 642600 -490320 -587520 97200 174960 -1.0584e+06 -780840 692280 -368280  | -896400 
-58320 109080 -5400 52920 -30240 409320 182520 -173880 -257040 223560 243000 116640 -207360 408240 195480 -133920 182520  | 338040 
145800 970920 247860 -555660 -899640 2.24262e+06 1.63026e+06 -1.98828e+06 -1.8333e+06 1.41048e+06 1.92132e+06 -11880 -804600 3.1374e+06 1.99854e+06 -1.84248e+06 934740  | 2.8215e+06 
-213840 -1.57572e+06 -429300 827820 1.36836e+06 -3.5505e+06 -2.39382e+06 3.03912e+06 2.84634e+06 -2.27988e+06 -2.95704e+06 -86400 1.19016e+06 -5.04252e+06 -3.12498e+06 3.05208e+06 -1.38834e+06  | -4.50738e+06 
6480 -141480 -125820 139860 166320 -507060 -431460 461160 442260 -289440 -480600 -20520 224640 -740880 -521100 429840 -219780  | -690660 
149040 858600 251100 -495180 -808920 1.87758e+06 1.26522e+06 -1.67076e+06 -1.47798e+06 1.1826e+06 1.5714e+06 102600 -737640 2.65356e+06 1.75122e+06 -1.65024e+06 766260  | 2.3571e+06 
93960 295920 86400 -181440 -317520 534600 375840 -446040 -393120 293760 421200 8640 -137160 756000 478440 -465480 179280  | 699840 
24840 471960 73980 -207900 -355320 1.00278e+06 692820 -869400 -850500 594000 794880 41040 -290520 1.42884e+06 932580 -859680 405540  | 1.2717e+06 
Generando Matrix de nivel 17
Pivote es -198720
Condensacion a ciclo 4
-9.8198e+10 -7.98926e+09 4.29428e+10 7.58673e+10 -2.45381e+11 -1.60312e+11 1.89766e+11 2.00711e+11 -1.45333e+11 -1.77005e+11 2.2494e+10 1.09572e+11 -3.22714e+11 -2.2465e+11 1.76058e+11 -9.54343e+10  | -2.87323e+11 
1.00852e+11 1.79299e+10 -4.39266e+10 -1.08167e+11 2.60261e+11 1.59606e+11 -2.06145e+11 -2.06635e+11 1.63949e+11 1.97784e+11 -8.75267e+09 -9.43198e+10 3.49715e+11 2.1382e+11 -2.01638e+11 1.04346e+11  | 3.16566e+11 
-5.19526e+10 -6.32364e+09 2.65152e+10 3.83092e+10 -1.1027e+11 -8.98006e+10 8.56488e+10 8.83962e+10 -5.10137e+10 -7.94843e+10 2.25593e+10 5.14382e+10 -1.45897e+11 -1.18802e+11 9.59772e+10 -3.64844e+10  | -1.5992e+11 
1.37111e+11 3.28511e+10 -5.31896e+10 -9.99045e+10 2.8943e+11 1.99478e+11 -2.55248e+11 -2.36155e+11 1.77862e+11 2.33358e+11 1.14879e+10 -1.00427e+11 4.21361e+11 2.50949e+11 -2.53182e+11 1.18957e+11  | 3.7365e+11 
-1.14389e+10 -1.98201e+10 2.43515e+10 2.25348e+09 -8.20154e+09 -8.38933e+09 1.22472e+09 2.21674e+09 1.89423e+09 -1.96363e+10 -2.66989e+09 -1.81259e+10 -1.28596e+10 8.3975e+09 3.666e+09 4.65802e+09  | -1.37128e+10 
1.83953e+10 6.57675e+09 -2.43352e+10 -1.72767e+10 -2.33105e+09 2.56497e+10 -1.50722e+10 -3.04506e+10 1.63296e+10 2.13673e+10 -1.28432e+10 3.42922e+09 1.92934e+10 1.80075e+10 -1.0753e+10 1.59336e+10  | 3.7701e+10 
4.538e+10 1.34719e+09 -3.03649e+10 -3.45534e+10 6.56695e+10 5.77823e+10 -5.6729e+10 -5.11198e+10 4.8009e+10 4.36164e+10 -1.7489e+10 -2.06406e+10 8.33626e+10 5.22302e+10 -6.53674e+10 3.48882e+10  | 9.10947e+10 
-7.97619e+10 -4.43757e+09 1.46517e+10 8.03743e+10 -2.14836e+11 -1.4742e+11 1.77192e+11 1.76976e+11 -1.23517e+11 -1.55433e+11 1.33984e+10 1.21394e+11 -2.93598e+11 -2.17245e+11 1.79634e+11 -9.55077e+10  | -2.73059e+11 
-1.28759e+10 -7.83413e+09 4.20079e+09 2.17837e+10 -5.4153e+10 -2.2792e+10 4.5184e+10 2.19756e+10 -2.50823e+10 -4.33469e+10 -2.46169e+10 1.7538e+10 -5.6035e+10 -3.45779e+09 2.95974e+10 3.38431e+09  | -5.54186e+10 
-7.1246e+10 -1.47048e+10 2.14489e+10 4.6572e+10 -1.79944e+11 -1.04452e+11 1.25379e+11 1.31102e+11 -1.09931e+11 -1.33886e+11 -2.60131e+10 6.91722e+10 -2.23536e+11 -1.23656e+11 1.15989e+11 -7.35893e+10  | -1.92044e+11 
-6.90171e+10 -9.81001e+09 3.05078e+10 7.73696e+10 -1.99144e+11 -1.5351e+11 1.68048e+11 1.64255e+11 -1.16528e+11 -1.67811e+11 9.44667e+09 8.99761e+10 -2.67438e+11 -1.85125e+11 1.42696e+11 -9.24541e+10  | -2.48516e+11 
1.31372e+11 2.74582e+10 -4.72987e+10 -1.23191e+11 3.44008e+11 2.257e+11 -2.70908e+11 -2.72206e+11 2.12873e+11 2.73766e+11 6.77678e+09 -1.33968e+11 4.79878e+11 3.10026e+11 -2.78795e+11 1.39055e+11  | 4.37854e+11 
3.36226e+10 2.6756e+10 -3.13447e+10 -3.75581e+10 1.11719e+11 9.33155e+10 -1.01733e+11 -9.67774e+10 6.47959e+10 1.05016e+11 4.39266e+09 -4.77478e+10 1.63051e+11 1.12976e+11 -9.53485e+10 4.78212e+10  | 1.51122e+11 
-4.3943e+10 -9.57731e+09 1.67133e+10 5.70883e+10 -1.21125e+11 -7.71819e+10 9.99045e+10 8.92004e+10 -6.76045e+10 -9.35196e+10 -1.31453e+10 7.51162e+10 -1.63378e+11 -1.31265e+11 9.95289e+10 -5.69005e+10  | -1.49293e+11 
2.1057e+10 8.25053e+09 -1.54437e+10 -2.25348e+09 5.26262e+10 3.51617e+10 -5.76925e+10 -5.08055e+10 4.71599e+10 5.42061e+10 2.84952e+09 -1.77993e+10 7.92067e+10 4.15629e+10 -5.14954e+10 2.44985e+10  | 6.21056e+10 
-7.26749e+10 -7.98109e+09 2.76991e+10 5.33325e+10 -1.57274e+11 -1.08637e+11 1.34082e+11 1.34927e+11 -9.01394e+10 -1.215e+11 -6.94824e+09 4.58209e+10 -2.23283e+11 -1.49199e+11 1.32768e+11 -6.46938e+10  | -1.99527e+11 
Generando Matrix de nivel 16
Pivote es -9.8198e+10
Condensacion a ciclo 5
-9.54952e+20 -1.73382e+19 2.97047e+21 -8.10088e+20 4.9475e+20 1.10479e+21 4.90831e+19 -1.44238e+21 -1.57081e+21 -1.40906e+21 -1.78846e+21 -1.7951e+21 1.65967e+21 2.04476e+21 -6.21889e+20  | -2.1091e+21 
2.05906e+20 -3.7275e+20 1.79614e+20 -1.91991e+21 4.89623e+20 1.44832e+21 1.74714e+21 -2.54101e+21 -1.39065e+21 -1.04666e+21 6.41398e+20 -2.43904e+21 -5.05979e+18 -2.78123e+20 -1.37536e+21  | 7.76614e+20 
-2.13049e+21 -6.64832e+20 -5.91855e+20 5.22308e+21 2.3922e+21 -9.54283e+20 -4.32989e+21 2.46118e+21 1.35406e+21 -4.21228e+21 -5.16179e+21 2.87095e+21 6.15943e+21 7.2249e+20 1.40378e+21  | 2.70365e+21 
1.8549e+21 -1.90005e+21 6.4655e+20 -2.00151e+21 -1.00997e+21 2.05045e+21 2.07823e+21 -1.84846e+21 -9.64857e+19 5.19485e+20 3.0333e+21 -2.4287e+21 -3.39437e+21 1.65391e+21 -1.54907e+21  | -1.94009e+21 
-4.98859e+20 1.59972e+21 3.00938e+20 4.74276e+21 4.3023e+20 -2.01074e+21 -7.0195e+20 1.06992e+21 1.15783e+21 8.47396e+20 -2.35234e+21 4.04184e+21 2.36421e+21 -2.1827e+21 1.90892e+20  | 1.58324e+21 
2.30261e+20 1.03303e+21 -4.97761e+19 4.68676e+21 1.60083e+21 -3.04091e+21 -4.0884e+21 1.88083e+21 3.74942e+21 6.96608e+20 -2.94549e+21 6.45869e+21 5.06572e+21 -1.57054e+21 9.04851e+20  | 4.0934e+21 
-2.01478e+20 1.98643e+21 -1.84127e+21 1.52446e+21 1.68954e+21 -2.26383e+21 -1.3696e+21 5.37062e+20 1.14501e+21 4.78466e+20 -3.18103e+21 3.09049e+21 3.41448e+21 -3.59699e+21 1.76665e+21  | 3.89644e+21 
6.66427e+20 1.40417e+20 -1.16226e+21 2.15823e+21 1.73977e+20 -1.99357e+21 4.26378e+20 5.91732e+20 1.97749e+21 2.70696e+21 -3.11364e+20 1.3473e+21 -2.55303e+21 -6.39509e+20 -1.56113e+21  | 1.74245e+21 
8.7478e+20 9.53259e+20 8.31965e+20 1.8774e+20 -1.16457e+21 1.20816e+21 1.4259e+21 4.40564e+20 5.36498e+20 4.15704e+21 1.01397e+21 -1.04129e+21 -3.86268e+21 1.1535e+21 4.27016e+20  | -1.61228e+21 
4.11929e+20 -3.20208e+19 -2.36141e+21 2.62005e+21 4.01018e+21 -3.40487e+21 -2.27706e+21 1.41234e+21 4.26238e+21 6.24826e+20 -1.27317e+21 3.98914e+21 2.67417e+21 -1.86151e+21 2.49222e+21  | 4.57358e+21 
-1.64678e+21 -9.96822e+20 2.13025e+21 -1.54479e+21 -1.10284e+21 1.67274e+21 3.62367e+20 -1.81099e+21 -3.62987e+21 -3.62054e+21 -1.2392e+21 -4.72765e+21 -9.31223e+20 4.24818e+21 -1.11755e+21  | -5.25024e+21 
-2.35877e+21 1.63414e+21 1.13727e+21 -2.72023e+21 -3.77329e+21 3.60958e+21 2.75491e+21 -1.47633e+21 -4.36097e+21 -1.18766e+21 1.00465e+21 -5.16081e+21 -3.54072e+21 3.44352e+21 -1.4872e+21  | -5.17934e+21 
5.89402e+20 2.45814e+20 -2.27212e+21 1.11146e+21 5.34535e+20 -1.47154e+21 6.05335e+19 2.52254e+20 1.40533e+21 2.2793e+21 -2.56136e+21 1.86237e+21 3.01821e+21 -2.03705e+21 1.39385e+21  | 2.03448e+21 
-6.41956e+20 6.12296e+20 -1.37625e+21 -8.03434e+17 -7.71235e+19 1.66938e+21 7.62618e+20 -1.57072e+21 -1.59574e+21 -7.53474e+20 -5.59399e+20 -9.82557e+20 6.4907e+20 1.3495e+21 -3.96142e+20  | -4.84698e+19 
2.03109e+20 4.00865e+20 2.76504e+20 -2.38898e+21 -9.82722e+20 6.24618e+20 1.33706e+21 -1.71058e+21 -9.32695e+20 2.31705e+21 3.46359e+21 -1.52725e+21 -1.67534e+21 -2.42576e+20 -5.8287e+20  | -1.288e+21 
Generando Matrix de nivel 15
Pivote es -9.54952e+20
Condensacion a ciclo 6
3.59529e+41 -7.83161e+41 2.00022e+42 -5.69438e+41 -1.61055e+42 -1.67854e+42 2.72354e+42 1.65144e+42 1.28964e+42 -2.4425e+41 2.69879e+42 -3.36904e+41 -1.55434e+41 1.44146e+42  | -3.07353e+41 
5.97944e+41 6.89376e+42 -6.71367e+42 -1.23038e+42 3.26504e+42 4.23941e+42 -5.42329e+42 -4.63965e+42 1.02052e+42 1.11897e+42 -6.56607e+42 -2.34605e+42 3.6664e+42 -2.66547e+42  | -7.07528e+42 
1.84662e+42 -6.12736e+42 3.41398e+42 4.6762e+40 -4.00736e+42 -2.07566e+42 4.44066e+42 3.00583e+42 2.11759e+42 4.20756e+41 5.64904e+42 1.62936e+41 -5.37223e+42 2.63283e+42  | 5.76487e+42 
-1.53631e+42 1.19447e+42 -4.93322e+42 -1.64038e+41 2.4713e+42 6.94814e+41 -1.74126e+42 -1.88928e+42 -1.51215e+42 1.35419e+42 -4.75526e+42 -1.42977e+42 3.10442e+42 -4.92528e+41  | -2.56406e+42 
-9.82504e+41 -6.36449e+41 -4.28909e+42 -1.64264e+42 2.64953e+42 3.89292e+42 -1.46398e+42 -3.21883e+42 -3.40775e+41 3.22461e+42 -5.7544e+42 -5.21967e+42 1.02896e+42 -7.20893e+41  | -3.42336e+42 
-1.90043e+42 2.35681e+42 -1.619e+42 -1.51374e+42 2.38444e+42 1.31779e+42 -8.03476e+41 -1.40991e+42 -7.40808e+41 2.6774e+42 -3.31294e+42 -2.92628e+42 3.84693e+42 -1.81237e+42  | -4.14585e+42 
-1.22537e+41 -8.69705e+41 -1.52114e+42 -4.95854e+41 1.1675e+42 -4.39881e+41 3.96164e+41 -8.41581e+41 -1.64598e+42 1.48921e+42 -9.03038e+40 1.33197e+42 -7.51982e+41 1.90525e+42  | -2.58397e+41 
-8.95149e+41 -3.393e+42 5.29367e+41 6.7931e+41 -2.12018e+42 -1.4046e+42 8.41047e+41 8.6178e+41 -2.73715e+42 5.96213e+41 2.5647e+42 2.23683e+42 -2.89025e+42 1.36236e+41  | 3.38465e+42 
3.77205e+40 1.03141e+42 -2.16832e+42 -4.03333e+42 2.79639e+42 2.15426e+42 -7.54559e+41 -3.42331e+42 -1.62454e+40 1.95253e+42 -3.06998e+42 -3.23736e+42 9.35362e+41 -2.12378e+42  | -3.49875e+42 
9.23365e+41 2.85743e+42 1.4116e+41 1.8679e+42 2.21964e+41 -2.65214e+41 -6.45876e+41 8.79573e+41 1.13702e+42 -1.76182e+42 1.55853e+42 3.62238e+42 -6.89535e+41 4.30876e+40  | 1.5405e+42 
-1.60142e+42 5.92063e+42 6.86876e+41 4.77032e+42 -8.41027e+41 -2.51503e+42 -1.99242e+42 4.59341e+41 -2.1895e+42 -5.17795e+42 6.94079e+41 7.29599e+42 1.53472e+42 -4.66896e+40  | -2.88653e+40 
-2.24521e+41 4.18967e+41 -5.83925e+41 -8.02062e+41 7.54081e+41 -8.67363e+40 6.0925e+41 -4.16192e+41 -1.34612e+42 3.50009e+42 -7.20438e+41 -3.86046e+42 7.40106e+41 -9.64521e+41  | -6.99722e+41 
-5.95844e+41 3.22117e+42 -5.19274e+41 3.91257e+41 -8.84948e+41 -6.96755e+41 5.74018e+41 5.15469e+41 -1.85026e+41 -6.13912e+41 -2.14084e+41 4.45603e+41 2.39379e+40 -2.09286e+40  | -1.30766e+42 
-3.79285e+41 -8.67379e+41 2.44589e+42 8.37964e+41 -8.20873e+41 -1.28679e+42 1.92648e+42 1.20972e+42 -1.92648e+42 -2.94431e+42 1.82305e+42 1.26278e+42 -1.83661e+41 6.82924e+41  | 1.65836e+42 
Generando Matrix de nivel 14
Pivote es 3.59529e+41
Condensacion a ciclo 7
2.94679e+84 -3.60978e+84 -1.01864e+83 2.1369e+84 2.52786e+84 -3.57835e+84 -2.65556e+84 -4.04229e+83 5.48348e+83 -3.97442e+84 -6.42021e+83 1.41112e+84 -1.82022e+84  | -2.35999e+84 
-7.56762e+83 -2.46623e+84 1.06835e+84 1.53332e+84 2.35337e+84 -3.43279e+84 -1.96891e+84 -1.62015e+84 6.02311e+83 -2.95265e+84 6.80714e+83 -1.64444e+84 -1.71524e+84  | 2.6402e+84 
-7.73731e+83 1.29932e+84 -9.33808e+83 -1.5858e+84 -2.32895e+84 3.55816e+84 1.85788e+84 1.43763e+84 1.11626e+83 2.43652e+84 -1.03163e+84 8.77335e+83 2.03744e+84  | -1.39404e+84 
-9.9828e+83 4.23171e+83 -1.15005e+84 -6.29794e+83 -2.49553e+83 2.14954e+84 4.6529e+83 1.14456e+84 9.19363e+83 5.827e+83 -2.20763e+84 2.17226e+83 1.15705e+84  | -1.53277e+84 
-6.41003e+83 3.21921e+84 -1.62641e+84 -2.20348e+84 -2.71617e+84 4.88703e+84 2.63156e+84 2.18454e+84 4.98421e+83 3.93778e+84 -1.69234e+84 1.08769e+84 2.08779e+84  | -2.07466e+84 
-4.0865e+83 -3.01792e+83 -2.48051e+83 2.22399e+83 -3.63833e+83 4.76166e+83 -1.0021e+83 -4.33747e+83 5.05486e+83 2.98234e+83 4.37598e+83 -2.89405e+83 8.61624e+83  | -1.30563e+83 
-1.92093e+84 1.98082e+84 -2.65501e+83 -2.20395e+84 -2.00754e+84 2.74035e+84 1.78812e+84 1.70339e+83 -4.28463e+81 3.3379e+84 5.02627e+83 -1.17826e+84 1.3393e+84  | 9.41753e+83 
4.00362e+83 -8.55023e+83 -1.42862e+84 1.06613e+84 8.37836e+83 -3.74019e+83 -1.29307e+84 -5.44867e+82 7.11204e+83 -1.20555e+84 -1.15122e+84 3.42153e+83 -8.17932e+83  | -1.24631e+84 
1.75047e+84 -1.79618e+84 1.19736e+84 1.56693e+84 1.45455e+84 -2.74703e+84 -1.20865e+84 -7.8202e+83 -4.07893e+83 -1.93163e+84 1.61344e+84 -1.04386e+83 -1.3155e+84  | 8.37652e+83 
8.7447e+83 3.45014e+84 8.03158e+83 -2.88154e+84 -3.59227e+84 3.64519e+84 2.8098e+84 1.27807e+84 -2.25277e+84 4.57143e+84 2.0836e+84 3.02863e+83 2.29159e+84  | -5.02578e+83 
-2.52057e+82 2.39154e+83 -4.16215e+83 -9.04901e+82 -4.08052e+83 8.30535e+83 2.21152e+83 -1.94415e+83 1.20355e+84 3.46918e+83 -1.46359e+84 2.31191e+83 -2.31355e+82  | -3.20578e+83 
6.91461e+83 1.00513e+84 -1.98628e+83 -1.2778e+84 -1.25065e+84 1.82918e+84 1.16933e+84 7.01905e+83 -3.66254e+83 1.53109e+84 -4.05351e+82 -8.4008e+82 8.51358e+83  | -6.53277e+83 
-6.08889e+83 1.63802e+84 8.52932e+82 -9.05986e+83 -1.09928e+84 1.72562e+84 1.0613e+84 -2.03483e+83 -1.1512e+84 1.67905e+84 3.26223e+83 -1.24985e+83 7.92253e+83  | 4.79654e+83 
Generando Matrix de nivel 13
Pivote es 2.94679e+84
Condensacion a ciclo 8
-9.9992e+168 3.07111e+168 6.13551e+168 8.84788e+168 -1.28237e+169 -7.8116e+168 -5.08015e+168 2.18986e+168 -1.17085e+169 1.52007e+168 -3.77796e+168 -6.43195e+168  | 5.99417e+168 
1.03582e+168 -2.83056e+168 -3.01965e+168 -4.90704e+168 7.71647e+168 3.42009e+168 3.92364e+168 7.53214e+167 4.10479e+168 -3.53675e+168 3.67715e+168 4.59555e+168  | -5.93395e+168 
-2.35657e+168 -3.49065e+168 2.7735e+167 1.78813e+168 2.76206e+168 -1.27988e+168 2.96925e+168 3.25658e+168 -2.25048e+168 -7.14635e+168 2.04881e+168 1.5925e+168  | -6.87269e+168 
7.17247e+168 -4.858e+168 -5.12344e+168 -6.38363e+168 1.21073e+169 6.05243e+168 6.17829e+168 1.82024e+168 9.0562e+168 -5.39853e+168 4.10973e+168 4.98553e+168  | -7.62634e+168 
-2.36446e+168 -7.72582e+167 1.52861e+168 -3.91287e+166 -5.91306e+166 -1.38049e+168 -1.44335e+168 1.71364e+168 -7.45311e+167 1.02715e+168 -2.76165e+167 1.79519e+168  | -1.34915e+168 
-1.09706e+168 -9.7805e+167 -2.38977e+168 -1.05996e+168 1.20151e+168 1.68096e+167 -2.74539e+167 1.04071e+168 2.20155e+168 2.47861e+167 -7.6145e+167 4.5012e+167  | -1.75821e+168 
-1.07436e+168 -4.16907e+168 2.28614e+168 1.45687e+168 3.30482e+167 -2.74723e+168 1.27698e+165 1.87623e+168 -1.96129e+168 -3.13536e+168 4.43294e+167 -1.68153e+168  | -2.72776e+168 
1.02584e+168 3.7067e+168 8.76844e+167 -1.38688e+167 -1.83112e+168 1.08683e+168 -1.59686e+168 -2.16185e+168 1.26499e+168 5.87831e+168 -2.77772e+168 -6.90248e+167  | 6.59948e+168 
1.33235e+169 2.45582e+168 -1.036e+169 -1.27962e+169 1.38708e+169 1.06021e+169 4.1197e+168 -7.11796e+168 1.69466e+169 6.70135e+168 -3.41505e+167 8.34456e+168  | 5.82745e+167 
6.13751e+167 -1.22907e+168 -2.12794e+167 -1.13873e+168 2.35722e+168 5.84753e+167 -5.83089e+167 3.56042e+168 9.22117e+167 -4.32907e+168 7.1684e+167 -1.14056e+167  | -1.00416e+168 
5.45792e+168 -5.1488e+167 -5.243e+168 -5.43333e+168 7.8645e+168 5.28199e+168 2.34788e+168 -1.45844e+168 7.25996e+168 3.24484e+167 -1.22329e+168 3.76739e+168  | -2.93232e+167 
2.62896e+168 1.89317e+167 -1.36862e+168 -1.70017e+168 2.90623e+168 1.51049e+168 -8.45753e+167 -3.05847e+168 2.52783e+168 5.70392e+167 4.90907e+167 1.22629e+168  | -2.35298e+166 
Generando Matrix de nivel 12
Pivote es -9.9992e+168
Condensacion a ciclo 9
2.51222e+337 2.38388e+337 3.99016e+337 -6.38755e+337 -2.61067e+337 -3.39711e+337 -9.79984e+336 -2.89166e+337 3.37902e+337 -3.28553e+337 -3.92895e+337  | 5.31258e+337 
4.2141e+337 1.16855e+337 2.97076e+336 -5.78383e+337 -5.61081e+336 -4.16619e+337 -2.74026e+337 -5.08898e+336 7.504e+337 -2.93895e+337 -3.10811e+337  | 8.28471e+337 
2.65487e+337 7.2235e+336 3.7002e+335 -2.90861e+337 -4.49106e+336 -2.53407e+337 -3.39076e+337 -6.5756e+336 4.30783e+337 -1.39967e+337 -3.71835e+336  | 3.32643e+337 
1.49867e+337 -7.77708e+335 2.13117e+337 -2.97298e+337 -4.66634e+336 2.42059e+336 -1.19573e+337 -2.02318e+337 -6.67654e+336 -6.17138e+336 -3.31585e+337  | 2.76634e+337 
1.31489e+337 3.06268e+337 2.03054e+337 -2.60824e+337 -1.02506e+337 -2.82804e+336 -8.00389e+336 -3.48587e+337 -8.10812e+335 3.46926e+336 -1.1557e+337  | 2.41566e+337 
4.49868e+337 -1.62679e+337 -5.06174e+336 -1.70818e+337 1.90777e+337 -5.47066e+336 -1.64081e+337 7.0322e+336 3.29842e+337 -8.49146e+336 9.90372e+336  | 3.37153e+337 
-4.02145e+337 -1.50618e+337 -7.68974e+336 3.14648e+337 -2.854e+336 2.11787e+337 1.93703e+337 -6.37815e+335 -6.03377e+337 3.16506e+337 1.35001e+337  | -7.21386e+337 
-6.54742e+337 2.1845e+337 1.00672e+337 3.21597e+337 -1.93481e+336 2.64917e+337 4.19974e+337 -1.34535e+337 -8.72607e+337 5.37504e+337 2.25703e+336  | -8.56903e+337 
1.04048e+337 -1.63791e+336 5.95598e+336 -1.56998e+337 -1.05268e+336 8.94838e+336 -3.69454e+337 -2.0343e+336 4.23543e+337 -4.84911e+336 5.08808e+336  | 6.36187e+336 
-1.16135e+337 1.89387e+337 6.03794e+336 -8.64807e+336 -1.01806e+337 4.25014e+336 2.63114e+336 -8.6895e+336 -1.1541e+337 3.28517e+337 -2.56586e+336  | -2.97836e+337 
-9.96686e+336 -2.44489e+336 -6.26034e+336 4.65299e+336 5.43273e+336 2.18124e+337 2.48252e+337 5.50498e+336 -9.69965e+336 5.02342e+336 4.6474e+336  | -1.55232e+337 
Generando Matrix de nivel 11
Pivote es 2.51222e+337
Condensacion a ciclo 10
-7.11028e+674 -1.60686e+675 1.23875e+675 9.59207e+674 3.8494e+674 -2.75438e+674 1.09073e+675 4.61212e+674 6.46227e+674 8.74876e+674  | -1.57478e+674 
-4.51419e+674 -1.05004e+675 9.65102e+674 5.80273e+674 2.65274e+674 -5.91659e+674 6.02503e+674 1.85136e+674 5.20636e+674 9.49671e+674  | -5.74748e+674 
-3.76803e+674 -6.25994e+673 2.10407e+674 2.74025e+674 5.69925e+674 -1.53525e+674 -7.49022e+673 -6.74133e+674 3.37354e+674 -2.44194e+674  | -1.01217e+674 
4.55957e+674 -1.4547e+673 1.84646e+674 8.57575e+673 3.75636e+674 -7.22178e+673 -4.95504e+674 -4.64673e+674 5.19166e+674 2.26276e+674  | -9.16791e+673 
-1.48112e+675 -1.92221e+675 2.44442e+675 1.65373e+675 1.39082e+675 2.86555e+673 1.47753e+675 -6.91479e+674 1.26473e+675 2.01631e+675  | -1.54296e+675 
5.80281e+674 1.41144e+675 -1.77825e+675 -1.12157e+675 -8.34073e+674 9.2528e+673 -1.17889e+675 -1.56959e+674 -5.26125e+674 -1.24086e+675  | 3.24149e+674 
2.10962e+675 2.86544e+675 -3.37427e+675 -1.75792e+675 -1.5587e+675 4.13428e+674 -2.23127e+675 2.02072e+673 -8.00846e+674 -2.51575e+675  | 1.32564e+675 
-2.89186e+674 -2.65541e+674 2.70199e+674 2.45189e+674 5.78265e+674 -8.26183e+674 2.49765e+674 7.12453e+674 2.20032e+674 5.36623e+674  | -3.92939e+674 
7.52634e+674 6.15084e+674 -9.59076e+674 -5.58949e+674 -2.8775e+674 -4.77104e+673 -5.54122e+674 1.02488e+674 4.4374e+674 -5.20749e+674  | -1.31252e+674 
1.76177e+674 2.40421e+674 -5.19745e+674 -1.2372e+674 2.09389e+674 5.2599e+674 -1.4991e+674 9.31059e+673 -2.01265e+674 -2.7484e+674  | 1.39522e+674 
Generando Matrix de nivel 10
Pivote es -7.11028e+674
Condensacion a ciclo 11
2.12384e+1348 -1.27017e+1349 2.04142e+1348 -1.48479e+1348 2.96349e+1349 6.39788e+1348 7.65629e+1348 -7.84674e+1348 -2.80307e+1349  | 3.37573e+1349 
-5.60962e+1349 3.17162e+1349 1.66593e+1349 -2.60186e+1349 5.37445e+1347 4.64248e+1349 6.53114e+1349 3.63239e+1347 5.03284e+1349  | 1.26301e+1348 
7.43004e+1349 -6.96106e+1349 -4.98333e+1349 -4.42603e+1349 1.76937e+1349 -1.45008e+1349 1.20103e+1349 -6.63793e+1349 -5.59794e+1349  | 1.36989e+1349 
-1.01321e+1350 9.6687e+1348 2.44851e+1349 -4.18768e+1349 -4.28331e+1349 5.64932e+1349 1.17477e+1350 5.788e+1348 -1.37861e+1349  | 8.63843e+1349 
-7.11409e+1348 5.45562e+1349 2.40855e+1349 3.69676e+1349 9.40413e+1348 2.05294e+1349 -1.5603e+1349 -9.03547e+1346 3.74609e+1349  | -1.39097e+1349 
1.35247e+1350 -2.14098e+1349 -7.73632e+1349 2.96204e+1349 2.8711e+1349 -7.14527e+1349 -9.8735e+1349 -7.9387e+1349 -5.68891e+1348  | -6.10351e+1349 
-2.75875e+1349 1.66111e+1349 1.03053e+1349 -2.99843e+1349 5.07786e+1349 1.37833e+1349 -3.73198e+1349 3.04307e+1348 -1.28552e+1349  | 2.3385e+1349 
7.72039e+1349 -2.50399e+1349 -3.24504e+1349 -8.51202e+1348 2.41227e+1349 -4.26923e+1349 -4.19996e+1349 -8.01884e+1349 -2.88195e+1349  | 2.11847e+1349 
1.12147e+1349 1.51313e+1349 -8.10222e+1348 -2.16699e+1349 -3.25468e+1349 -8.55709e+1348 -1.47456e+1349 2.92543e+1348 4.1286e+1348  | -7.146e+1348 
Generando Matrix de nivel 9
Pivote es 2.12384e+1348
Condensacion a ciclo 12
-6.45159e+2698 1.49898e+2698 -1.38551e+2698 1.66354e+2699 4.57495e+2698 5.682e+2698 -4.39401e+2698 -1.46553e+2699  | 1.89634e+2699 
7.95902e+2698 -2.57516e+2698 1.63185e+2697 -2.1643e+2699 -5.06162e+2698 -5.43357e+2698 4.42036e+2698 1.9638e+2699  | -2.47909e+2699 
-1.26642e+2699 2.58841e+2698 -2.3938e+2698 2.91166e+2699 7.68222e+2698 1.02525e+2699 -7.82746e+2698 -2.86938e+2699  | 3.60379e+2699 
2.55075e+2697 6.56766e+2697 6.79505e+2697 2.30798e+2698 8.91163e+2697 2.13292e+2697 -5.60143e+2697 -1.19852e+2698  | 2.10611e+2698 
1.6724e+2699 -4.40403e+2698 2.63722e+2698 -3.94704e+2699 -1.01705e+2699 -1.24519e+2699 8.9264e+2698 3.77898e+2699  | -4.6952e+2699 
-3.1513e+2698 7.82046e+2697 -1.04644e+2698 9.25398e+2698 2.05775e+2698 1.31957e+2698 -2.10009e+2698 -8.00601e+2698  | 9.80948e+2698 
9.27444e+2698 -2.26525e+2698 9.65535e+2697 -2.23669e+2699 -5.84613e+2698 -6.80296e+2698 4.35491e+2698 2.10287e+2699  | -2.56121e+2699 
1.74583e+2698 -4.01017e+2697 -2.9372e+2697 -4.0147e+2698 -8.99242e+2697 -1.1718e+2698 9.42119e+2697 3.23124e+2698  | -3.93755e+2698 
Generando Matrix de nivel 8
Pivote es -6.45159e+2698
Condensacion a ciclo 13
4.68352e+5396 9.97448e+5396 7.23014e+5396 -3.75665e+5396 -1.0168e+5397 6.45361e+5396 -1.00549e+5397  | 9.01053e+5396 
2.28394e+5396 -2.10245e+5396 2.28257e+5397 8.37551e+5396 5.81319e+5396 -5.14689e+5396 -4.76308e+5395  | 7.65395e+5396 
-4.61954e+5396 -4.03048e+5396 -1.91334e+5397 -6.91638e+5396 -2.82541e+5396 4.73462e+5396 1.14706e+5397  | -1.84248e+5397 
3.34414e+5396 6.1569e+5396 -2.35639e+5397 -1.08958e+5397 -1.46913e+5397 1.58958e+5397 1.28997e+5396  | -1.42286e+5397 
-3.21711e+5395 2.38504e+5396 -7.27962e+5396 1.14129e+5396 9.39239e+5396 -2.97915e+5395 5.46831e+5396  | -3.52731e+5396 
7.1232e+5395 6.62055e+5396 -9.98192e+5396 -4.71327e+5396 -8.8074e+5396 1.26558e+5397 2.50512e+5395  | -1.06363e+5397 
-2.97515e+5394 4.31381e+5396 -3.14137e+5396 -2.18554e+5396 -2.35979e+5396 1.593e+5396 4.73888e+5396  | -7.70333e+5396 
Generando Matrix de nivel 7
Pivote es 4.68352e+5396
Condensacion a ciclo 14
-3.2628e+10793 9.03914e+10793 4.78069e+10793 5.04492e+10793 -3.88452e+10793 2.07339e+10793  | 1.5268e+10793 
2.72007e+10793 -5.62119e+10793 -4.9747e+10793 -6.02042e+10793 5.19874e+10793 7.27369e+10792  | -4.46686e+10793 
-4.52004e+10792 -1.3454e+10794 -3.84678e+10793 -3.48041e+10793 5.28665e+10793 3.96665e+10793  | -9.67722e+10793 
1.43793e+10793 -3.17682e+10793 4.13668e+10792 4.07183e+10793 6.80907e+10791 2.23762e+10793  | -1.36215e+10793 
2.39025e+10793 -5.19007e+10793 -1.93988e+10793 -3.40068e+10793 5.46767e+10793 8.33556e+10792  | -5.62338e+10793 
2.05006e+10793 -1.44976e+10793 -1.03478e+10793 -1.13546e+10793 7.65286e+10792 2.18955e+10793  | -3.58106e+10793 
Generando Matrix de nivel 6
Pivote es -3.2628e+10793
Condensacion a ciclo 15
-6.24622e+21586 3.22767e+21586 5.92089e+21586 -6.39629e+21586 -8.01302e+21586  | 1.04215e+21587 
4.79836e+21587 1.47122e+21587 1.36362e+21587 -1.90051e+21587 -1.20052e+21587  | 3.22649e+21587 
-2.63228e+21586 -8.224e+21586 -2.05398e+21587 5.3635e+21586 -1.02823e+21587  | 2.24899e+21586 
-4.67161e+21586 -5.09759e+21586 -9.6288e+21585 -8.55494e+21586 -7.67564e+21586  | 1.46985e+21587 
-1.38005e+21587 -6.42442e+21586 -6.6376e+21586 5.46653e+21586 -1.13946e+21587  | 8.55427e+21586 
Generando Matrix de nivel 5
Pivote es -6.24622e+21586
Condensacion a ciclo 16
-2.46771e+43174 -3.6928e+43174 4.25627e+43174 4.5948e+43174  | -7.01594e+43174 
5.9865e+43173 1.43882e+43174 -5.03384e+43173 4.31329e+43173  | 1.33846e+43173 
4.69192e+43173 3.36745e+43173 2.35551e+43173 1.051e+43173  | -4.31252e+43173 
8.46719e+43173 1.23171e+43174 -1.22417e+43174 -3.94103e+43173  | 9.039e+43173 

Determinantes de Cramer


Determinante de la matrix 4x4 es -1.67618e+172696

-7.01594e+43174  -3.6928e+43174  4.25627e+43174  4.5948e+43174  
1.33846e+43173  1.43882e+43174  -5.03384e+43173  4.31329e+43173  
-4.31252e+43173  3.36745e+43173  2.35551e+43173  1.051e+43173  
9.039e+43173  1.23171e+43174  -1.22417e+43174  -3.94103e+43173  


Determinante de la matrix 4x4 es 1.78804e+172696

-2.46771e+43174  -7.01594e+43174  4.25627e+43174  4.5948e+43174  
5.9865e+43173  1.33846e+43173  -5.03384e+43173  4.31329e+43173  
4.69192e+43173  -4.31252e+43173  2.35551e+43173  1.051e+43173  
8.46719e+43173  9.039e+43173  -1.22417e+43174  -3.94103e+43173  


Determinante de la matrix 4x4 es -1.31971e+172696

-2.46771e+43174  -3.6928e+43174  -7.01594e+43174  4.5948e+43174  
5.9865e+43173  1.43882e+43174  1.33846e+43173  4.31329e+43173  
4.69192e+43173  3.36745e+43173  -4.31252e+43173  1.051e+43173  
8.46719e+43173  1.23171e+43174  9.039e+43173  -3.94103e+43173  


Determinante de la matrix 4x4 es 5.05679e+172695

-2.46771e+43174  -3.6928e+43174  4.25627e+43174  -7.01594e+43174  
5.9865e+43173  1.43882e+43174  -5.03384e+43173  1.33846e+43173  
4.69192e+43173  3.36745e+43173  2.35551e+43173  -4.31252e+43173  
8.46719e+43173  1.23171e+43174  -1.22417e+43174  9.039e+43173  


Determinante de la matrix 4x4 es 1.99063e+172696

x1 = 1.78804e+172696 /-1.67618e+172696 [-1.06674]
x2 = -1.31971e+172696 /-1.67618e+172696 [0.787336]
x3 = 5.05679e+172695 /-1.67618e+172696 [-0.301686]
x4 = 1.99063e+172696 /-1.67618e+172696 [-1.1876]

[ESPERADO / OBTENIDO] para Ecuacion 1
[-7.01594e+43174 / -7.01594e+43174] - Error Relativo del 2.49699e-498%


[ESPERADO / OBTENIDO] para Ecuacion 2
[1.33846e+43173 / 1.33846e+43173] - Error Relativo del 1.37335e-497%


[ESPERADO / OBTENIDO] para Ecuacion 3
[-4.31252e+43173 / -4.31252e+43173] - Error Relativo del 6.24248e-498%


[ESPERADO / OBTENIDO] para Ecuacion 4
[9.039e+43173 / 9.039e+43173] - Error Relativo del 0%

Error Promedio del 0%
Finalizado, presione X para terminar
